8589934592 1000000 0.593148 0.214149
17179869184 1000000 0.593148 0.214149
34359738368 1000000 0.593148 0.214149
68719476736 1000000 0.593148 0.214149
274877906944 1000000 0.593148 0.214149
8589934592 2000000 0.65674 0.280006
17179869184 2000000 0.65674 0.280006
34359738368 2000000 0.65674 0.280006
68719476736 2000000 0.65674 0.280006
274877906944 2000000 0.65674 0.280006
8589934592 5000000 0.741699 0.362997
17179869184 5000000 0.741803 0.387365
34359738368 5000000 0.741803 0.387365
68719476736 5000000 0.741803 0.387365
274877906944 5000000 0.741803 0.387365
8589934592 10000000 0.796382 0.313772
17179869184 10000000 0.798324 0.439721
34359738368 10000000 0.798506 0.477371
68719476736 10000000 0.798506 0.477371
274877906944 10000000 0.798506 0.477371
8589934592 25000000 0.842233 0.262362
17179869184 25000000 0.857642 0.369461
34359738368 25000000 0.860368 0.51659
68719476736 25000000 0.860778 0.583555
274877906944 25000000 0.860778 0.583555
8589934592 50000000 0.856783 0.255476
17179869184 50000000 0.884081 0.321742
34359738368 50000000 0.894578 0.459201
68719476736 50000000 0.896747 0.604137
274877906944 50000000 0.897073 0.663001
8589934592 100000000 0.864418 0.257302
17179869184 100000000 0.897622 0.313695
34359738368 100000000 0.917319 0.405045
68719476736 100000000 0.923913 0.563688
274877906944 100000000 0.924811 0.623953
8589934592 200000000 0.866385 0.250682
17179869184 200000000 0.902997 0.303268
34359738368 200000000 0.928413 0.37654
68719476736 200000000 0.941469 0.498458
274877906944 200000000 0.943791 0.563481
