0 0 0 0
1 29162633672 3384366576 1167649129
2 52966421885 8086434807 3022883726
3 74080952266 12999175098 5316511642
4 93444000401 17926808154 7679531151
5 112002182512 23024214607 10176104315
6 129388943416 28436916558 12707699090
7 144945898434 33928963809 15566110486
8 160251032654 39206617197 18599344577
9 175425289429 44290877530 21198087365
10 190314147817 49026927128 23874472630
11 204605273136 53549632966 26346637865
12 218031860649 57821755949 28785682643
13 230768275302 61876989075 31225098103
14 243370700353 66274190265 33550040645
15 256712486112 70554047787 36320191383
16 269467497349 74914125769 38918081611
17 282706817682 79638802398 41484990822
18 293658251912 83906845976 44057526070
19 305109820989 88137823528 46550335206
20 316590390974 92357212612 48825036791
21 326889862740 96050126825 51112445952
22 336739932803 100167224387 53451693801
23 346302306174 103869660629 55594736680
24 355737966472 107546154619 57616715879
25 365759814862 111132375352 59804102913
26 375254693325 114986151133 61924036491
27 385014866303 118753387942 64278622881
28 394340030538 122221426980 66522891978
29 404272821233 126021222998 69002930841
30 413690633858 129589371430 71148357735
31 423563790165 133721905427 73489582060
32 432840243692 137507742219 75842390367
33 441274349518 140987931413 77916985297
34 449712542645 144377664813 80105737507
35 458583146282 147735433244 82315332520
36 467174732790 151188817196 84469776566
37 475714134123 154583380700 86531981481
38 483730474231 157875998627 88626779896
39 491817254819 161295979663 90713008928
40 499023990041 164427166118 92761979069
41 506115072350 167726617234 94808891921
42 515492753822 171555089064 97378642194
43 525161955651 175616040187 99849532493
44 534708107579 179836017066 102252213068
45 544309915260 183732020231 104706380118
46 553422755815 187737216710 106908774477
47 562384906790 191598956386 109313367599
48 570230256817 194943509798 111310939142
49 578099831458 198358759929 113628950853
50 586058680661 201794171883 115922400148
51 593717838458 205157718578 118328932294
52 600527638204 208265397669 120154630034
53 607529165953 211176638682 122201503388
54 615070613122 214190755355 124308638672
55 622445419201 217395251257 126471707366
56 630284965077 221001212857 128554280744
57 637678696604 223988125234 130476761954
58 645384854888 227254220024 132383258626
59 652277436322 230102956368 134314599891
60 659263896176 233478825758 136274967970
61 666253896302 236751778907 138420397734
62 673074663988 239621573556 140378285385
63 680218053800 242919660933 142453209460
64 686595650879 245997229064 144372083002
65 692817243143 248678919063 146176603397
66 698895527717 251350542664 147861373436
67 704833984864 254182718093 149585633511
68 710774812913 257003734912 151437548330
69 717047842540 259889327251 153175420590
70 723126869628 262930438645 155060647769
71 728866690986 265841606251 156819989855
72 736518429128 269224817684 158924002929
73 742650117274 272117158237 160707254832
74 748715597942 274899169876 162725845588
75 755166971186 277852530326 164813312588
76 760718109176 280606507799 166670270252
77 766060589769 283439742760 168381579768
78 772248481807 286522970857 170295518169
79 779724786376 289888170112 172595788402
80 786997684228 293235198072 174842687097
81 794186989333 296446960988 176804026620
82 801631785900 299776805868 178883772677
83 808649812450 302964385060 180972171931
84 815233955414 306085732856 183125686064
85 821469790659 308756714885 184955071269
86 827851355334 311989810924 186987109152
87 834221115660 314848204020 188907252861
88 840032639775 317488688041 190849794046
89 846343438504 320326215848 192922236267
90 853021186547 323339164954 194837364532
91 858537239806 325889011370 196589352944
92 863732583450 328550680773 198551225742
93 868822052321 331277092847 200219009962
94 874109213405 333936969772 202020667570
95 879447801043 336622787412 203828882359
96 884613601136 338998122558 205613154309
97 890096299689 341872430491 207456084720
98 895669598784 344633570897 209157477604
99 901596161436 347475890745 210944949329
100 907057831802 349958791151 212765762261
101 912232626885 352577330036 214592341612
102 917702778901 355394983620 216386359063
103 922834987139 358060642237 217954895529
104 928856798482 360782338490 219845397621
105 934543365260 363627387046 221847118551
106 940260737981 366365078154 223755340223
107 945357106887 368784268650 225514551915
108 950064787684 371069276697 227070884703
109 954343242350 373344820249 228804317022
110 958846126116 375522977305 230583371684
111 963706447243 377936436478 232234914377
112 968935076545 380417281052 233811940935
113 974040409722 382876580342 235516622180
114 979614438534 385596091228 237287578781
115 985193446579 388375267315 239046431415
116 990865035106 391267365991 240967561489
117 995273030690 393605577528 242514475706
118 1000108900325 396021577999 244114649832
119 1004950103729 398437826396 245723681327
120 1009633044991 400820506574 247396066733
121 1015249123370 403756575150 249181096773
122 1021114670985 406670860418 251257044701
123 1026593609149 409379203324 252994567734
124 1032005458943 412138391558 254799372750
125 1037398345741 414920433627 256777628189
126 1042403662412 417556534457 258481096522
127 1047683863004 420319663218 260317259716
128 1053010802115 422904965278 262138893166
129 1058626264033 425526780868 264110984189
130 1063994275145 428442578355 265939204731
131 1069199171465 431183696490 267791436002
132 1074634025156 433886663118 269655917450
133 1079796569387 436280916376 271531456955
134 1084700072428 438563093390 273248157910
135 1089369545895 441058987808 274910102625
136 1094427050143 443579591290 276595375708
137 1099569118927 446234129121 278543976258
138 1104757266108 448712144407 280188203871
139 1109919788778 451338970958 281928674348
140 1114715337297 453908710046 283740270557
141 1120421985041 456828971975 285627581807
142 1126012715546 459570752932 287495169035
143 1131509237261 462221914444 289314842782
144 1137002206005 465053486420 291221087710
145 1142206321502 467857584487 293076256239
146 1147467796525 470673267549 295115665140
147 1152880601070 473464341812 296977524717
148 1158490516170 476231740972 298697883906
149 1164030706104 478996970179 300436812161
150 1169590668858 481552661999 302124177942
151 1174553859987 484345871382 304102909950
152 1179585336416 487063191573 306068810119
153 1184835998384 489504051521 307892427600
154 1189949124687 492093445830 309654294581
155 1195316272823 494798893698 311459234279
156 1200582531948 497409816826 313245592337
157 1205776584075 500111745034 314976642444
158 1210614636096 502694020643 316679381670
159 1215052267560 505205585979 318357164302
160 1219610867445 507750789389 319952372809
161 1224142681597 510214772085 321769308286
162 1229019148168 512820228865 323586658027
163 1234034344569 515439630918 325485427984
164 1239217453337 518220231111 327348209527
165 1244036717589 520950539866 329163004498
166 1249056269223 523733040167 330835941770
167 1254062204035 526361789025 332705414370
168 1259415537584 529166635689 334603965247
169 1264784105471 532042110702 336374140408
170 1270181269329 534701159247 338340475718
171 1275472619935 537370999014 340131919478
172 1280599268688 539980608419 341771481318
173 1285269026464 542402891872 343293623311
174 1289144304674 544587029449 344756343861
175 1293587917274 546961175807 346383935552
176 1298009403184 549253955773 347877604084
177 1301429323437 551188058803 349118361455
178 1305153198291 553230712999 350429112591
179 1308848572670 555122772357 351840717130
180 1313327712926 557178648400 353483045736
181 1317827761783 559409249450 355123552113
182 1322155247818 561689947839 356838940538
183 1326429561870 563546257035 358257578666
184 1330069216481 565378424464 359602844126
185 1333461036834 567281073618 360982977005
186 1337261383013 569137494568 362300886498
187 1341814344983 571404492002 363777436624
188 1345923525318 573572439773 365301114615
189 1350501722301 575829748791 366965497858
190 1355121084075 578229893326 368575994318
191 1359726140397 580654092748 370171344065
192 1363669876113 583001914291 371710627414
193 1368249657401 585252421802 373395397303
194 1372572820810 587473181758 374879614558
195 1376659691409 589647205121 376436673284
196 1381249214376 591896915388 378103671291
197 1384705228927 593904112258 379521781705
198 1388444820763 595907415636 381014615489
199 1392481498120 598083240645 382492239660
