0.01 0.150217 0
0.02 0.150217 0
0.03 0.150217 0
0.04 0.150216 0
0.05 0.150191 5e-07
0.06 0.150015 5.1e-06
0.07 0.149453 2e-05
0.08 0.148424 5.605e-05
0.09 0.147508 0.00010495
0.1 0.146563 0.00016875
0.11 0.14572 0.00023255
0.12 0.144909 0.0003021
0.13 0.144137 0.00037765
0.14 0.143395 0.00046175
0.15 0.142602 0.0005627
0.16 0.141813 0.00067665
0.17 0.140889 0.00083185
0.18 0.140003 0.00100395
0.19 0.139206 0.0011736
0.2 0.138499 0.0013368
0.21 0.137173 0.0016499
0.22 0.136463 0.0018389
0.23 0.135726 0.00204985
0.24 0.131766 0.00313135
0.25 0.130201 0.0035762
0.26 0.129494 0.0038126
0.27 0.128305 0.00420165
0.28 0.126269 0.0048934
0.29 0.124661 0.00547175
0.3 0.123076 0.0060857
0.31 0.117839 0.0080861
0.32 0.114599 0.0094463
0.33 0.113877 0.0097722
0.34 0.0976113 0.017185
0.35 0.0941083 0.0188921
0.36 0.0903508 0.0208375
0.37 0.084864 0.0238375
0.38 0.072149 0.0312836
0.39 0.070684 0.0322009
0.4 0.0692866 0.0330841
0.41 0.067936 0.0339241
0.42 0.0662914 0.0350102
0.43 0.0643399 0.0363854
0.44 0.061484 0.038434
0.45 0.0599587 0.0396343
0.46 0.0576369 0.0414959
0.47 0.0544936 0.0441004
0.48 0.0527409 0.0456015
0.49 0.0504063 0.0477977
0.5 0.0484981 0.0496477
0.51 0.0460223 0.0520914
0.52 0.0425192 0.0557789
0.53 0.0413903 0.0570003
0.54 0.0395508 0.0590663
0.55 0.0378223 0.0612853
0.56 0.0368286 0.0625278
0.57 0.0351085 0.0647186
0.58 0.0341043 0.0661178
0.59 0.0331588 0.0674343
0.6 0.0317612 0.0694749
0.61 0.0298423 0.0724431
0.62 0.0282056 0.0752519
0.63 0.0272447 0.0769221
0.64 0.0260786 0.0790476
0.65 0.0248377 0.0814032
0.66 0.0228448 0.0854975
0.67 0.0217191 0.0877985
0.68 0.0207953 0.0897418
0.69 0.0197552 0.0920079
0.7 0.018597 0.0947276
0.71 0.0174373 0.0974822
0.72 0.0162135 0.100453
0.73 0.0148175 0.104136
0.74 0.0135324 0.107536
0.75 0.0125928 0.110226
0.76 0.0118362 0.112482
0.77 0.0112687 0.114385
0.78 0.0106392 0.116729
0.79 0.0099846 0.119292
0.8 0.00942605 0.121617
0.81 0.0088668 0.12409
0.82 0.00830105 0.126796
0.83 0.0077011 0.129873
0.84 0.00710635 0.133166
0.85 0.00652065 0.136616
0.86 0.0059346 0.140453
0.87 0.00536305 0.144522
0.88 0.0047995 0.148783
0.89 0.0042732 0.152998
0.9 0.0036679 0.158333
0.91 0.00309955 0.164152
0.92 0.0026054 0.170004
0.93 0.0021449 0.176641
0.94 0.0016971 0.184722
0.95 0.0012752 0.194637
0.96 0.0009231 0.205693
0.97 0.00060285 0.220748
0.98 0.0003213 0.245344
0.99 0.00011875 0.28982
