34359738368 20000000 1000000 0.5 2 0.0472468 0.0507823 21372 5581
34359738368 20000000 1000000 0.5 2 0.0491412 0.0516571 26194 5941
34359738368 20000000 1000000 0.5 2 0.0482754 0.0509633 27347 5451
34359738368 20000000 2000000 0.5 2 0.0466451 0.0513665 24148 9084
34359738368 20000000 2000000 0.5 2 0.0485312 0.0522266 22929 9211
34359738368 20000000 2000000 0.5 2 0.0478714 0.0512889 21552 9021
34359738368 20000000 5000000 0.5 2 0.0476654 0.0503212 33595 20886
34359738368 20000000 5000000 0.5 2 0.0482654 0.0524012 31816 21414
34359738368 20000000 5000000 0.5 2 0.0471018 0.0519781 36027 21080
34359738368 20000000 10000000 0.5 2 0.0482824 0.0498676 47868 42680
34359738368 20000000 10000000 0.5 2 0.0491661 0.0515154 50592 43269
34359738368 20000000 10000000 0.5 2 0.047614 0.0515593 55959 44086
34359738368 20000000 15000000 0.5 2 0.0482904 0.0497886 64546 65579
34359738368 20000000 15000000 0.5 2 0.0488848 0.0517804 65268 70913
34359738368 20000000 15000000 0.5 2 0.0475685 0.0515975 63111 69572
34359738368 20000000 20000000 0.5 2 0.0484981 0.0496477 99311 124171
34359738368 20000000 20000000 0.5 2 0.0485196 0.0521202 107307 103909
34359738368 20000000 20000000 0.5 2 0.0472299 0.0518692 103594 104768
